layout_spectrum: 0.9343486
color:
  saturation: 0.5621266
  brandStrength: 0.1805389
  lightness: 0.5609319
  rhythmicContrast: 0.3339307
typography_spectrum: 0.2808518
name: London-trip
